300060
300524
300544
300574
300614
300704
300714
300734
300744
300754
300764
300774
300784
300794
300804
300814
300831
300834
300844
300854
300874
300884
300895
300896
300897
300898
300899
300900
300901
300902
300903
300904
300905
300906
300907
300908
300909
300910
300911
300912
300913
300914
300915
300916
300917
300918
300919
300920
300921
300922
300923
300924
300925
300926
300927
300928
300929
300930
300931
300932
300933
300934
300935
300936
300937
300938
300939
300940
300941
300942
300943
300944
300945
300946
300947
300948
300949
300950
300951
300952
300953
300954
300955
300956
300957
300958
300959
300960
300961
300962
300963
300964
300965
300966
300967
300968
300969
300970
300971
300972
300973
300974
300975
300976
300977
300978
300979
300980
300981
300982
300983
300984
300985
300986
300987
300988
300989
300990
300991
300992
300993
300994
300995
300996
300997
300998
300999
688014
688024
688031
688032
688034
688035
688038
688040
688041
688042
688043
688044
688045
688046
688047
688048
688049
688052
688053
688054
688057
688059
688061
688062
688063
688064
688067
688070
688071
688072
688073
688074
688075
688076
688079
688082
688083
688084
688087
688091
688092
688094
688097
688102
688103
688104
688105
688107
688109
688110
688112
688113
688114
688115
688117
688119
688120
688121
688124
688125
688129
688130
688131
688132
688133
688134
688135
688136
688137
688140
688141
688142
688143
688144
688145
688146
688147
688148
688149
688150
688151
688152
688153
688154
688160
688161
688162
688163
688164
688167
688170
688171
688172
688173
688174
688175
688176
688179
688182
688183
688184
688187
688190
688191
688192
688193
688194
688195
688197
688201
688203
688204
688205
688206
688207
688209
688210
688211
688212
688213
688214
688216
688217
688219
688220
688221
688223
688224
688225
688226
688227
688230
688231
688232
688234
688235
688236
688237
688238
688239
688240
688241
688242
688243
688244
688245
688246
688247
688248
688249
688250
688251
688252
688253
688254
688255
688257
688259
688260
688261
688262
688263
688264
688265
688267
688269
688270
688271
688272
688273
688274
688275
688276
688279
688280
688281
688282
688283
688284
688285
688287
688290
688291
688292
688293
688294
688295
688296
688297
688302
688303
688304
688305
688306
688307
688308
688314
688315
688316
688317
688319
688320
688322
688323
688324
688325
688326
688327
688328
688329
688331
688332
688333
688334
688337
688340
688341
688342
688343
688344
688345
688346
688347
688348
688349
688350
688351
688352
688353
688354
688355
688359
688361
688362
688364
688367
688370
688371
688372
688373
688374
688375
688376
688380
688381
688382
688383
688384
688385
688386
688387
688391
688392
688394
688395
688397
688400
688401
688402
688403
688404
688405
688406
688407
688409
688410
688411
688412
688413
688414
688415
688416
688417
688419
688420
688421
688422
688423
688424
688425
688426
688427
688428
688429
688430
688431
688432
688433
688434
688435
688436
688437
688438
688439
688440
688441
688442
688443
688444
688445
688446
688447
688448
688449
688450
688451
688452
688453
688454
688455
688456
688457
688458
688459
688460
688461
688462
688463
688464
688465
688467
688468
688469
688470
688471
688472
688473
688474
688475
688476
688477
688478
688479
688480
688481
688482
688483
688484
688485
688486
688487
688489
688490
688491
688492
688493
688494
688495
688496
688497
688498
688499
688501
688502
688503
688504
688506
688507
688509
688510
688511
688512
688514
688515
688517
688522
688523
688524
688525
688527
688529
688530
688531
688532
688533
688534
688535
688537
688538
688539
688540
688541
688542
688543
688544
688545
688546
688547
688548
688549
688552
688553
688554
688557
688560
688562
688563
688564
688565
688570
688571
688572
688573
688574
688575
688576
688578
688581
688582
688583
688584
688587
688590
688591
688592
688593
688594
688597