688508 2
300900 1
300900 2
300900 3
300900 4
300901 1
300901 2
300901 3
300901 4
300902 1
300902 2
300902 3
300902 4
300903 1
300903 2
300903 3
300903 4
300904 1
300904 2
300904 3
300904 4
300905 1
300905 2
300905 3
300905 4
300906 1
300906 2
300906 3
300906 4
300907 1
300907 2
300907 3
300907 4
300908 1
300908 2
300908 3
300908 4
300909 1
300909 2
300909 3
300909 4
300910 1
300910 2
300910 3
300910 4
300911 1
300911 2
300911 3
300911 4
300912 1
300912 2
300912 3
300912 4
300913 1
300913 2
300913 3
300913 4
300914 1
300914 2
300914 3
300914 4
300915 1
300915 2
300915 3
300915 4
300916 1
300916 2
300916 3
300916 4
300917 1
300917 2
300917 3
300917 4
300918 1
300918 2
300918 3
300918 4
300919 1
300919 2
300919 3
300919 4
300920 1
300920 2
300920 3
300920 4
300921 1
300921 2
300921 3
300921 4
300922 1
300922 2
300922 3
300922 4
300923 1
300923 2
300923 3
300923 4
300924 1
300924 2
300924 3
300924 4
300925 1
300925 2
300925 3
300925 4
300926 1
300926 2
300926 3
300926 4
300927 1
300927 2
300927 3
300927 4
300928 1
300928 2
300928 3
300928 4
300929 1
300929 2
300929 3
300929 4
300930 1
300930 2
300930 3
300930 4
300931 1
300931 2
300931 3
300931 4
300932 1
300932 2
300932 3
300932 4
300933 1
300933 2
300933 3
300933 4
300934 1
300934 2
300934 3
300934 4
300935 1
300935 2
300935 3
300935 4
300936 1
300936 2
300936 3
300936 4
300937 1
300937 2
300937 3
300937 4
300938 1
300938 2
300938 3
300938 4
300939 1
300939 2
300939 3
300939 4
300940 1
300940 2
300940 3
300940 4
300941 1
300941 2
300941 3
300941 4
300942 1
300942 2
300942 3
300942 4
300943 1
300943 2
300943 3
300943 4
300944 1
300944 2
300944 3
300944 4
300945 1
300945 2
300945 3
300945 4
300946 1
300946 2
300946 3
300946 4
300947 1
300947 2
300947 3
300947 4
300948 1
300948 2
300948 3
300948 4
300949 1
300949 2
300949 3
300949 4
300950 1
300950 2
300950 3
300950 4
300951 1
300951 2
300951 3
300951 4
300952 1
300952 2
300952 3
300952 4
300953 1
300953 2
300953 3
300953 4
300954 1
300954 2
300954 3
300954 4
300955 1
300955 2
300955 3
300955 4
300956 1
300956 2
300956 3
300956 4
300957 1
300957 2
300957 3
300957 4
300958 1
300958 2
300958 3
300958 4
300959 1
300959 2
300959 3
300959 4
300960 1
300960 2
300960 3
300960 4
300961 1
300961 2
300961 3
300961 4
300962 1
300962 2
300962 3
300962 4
300963 1
300963 2
300963 3
300963 4
300964 1
300964 2
300964 3
300964 4
300965 1
300965 2
300965 3
300965 4
300966 1
300966 2
300966 3
300966 4
300967 1
300967 2
300967 3
300967 4
300968 1
300968 2
300968 3
300968 4
300969 1
300969 2
300969 3
300969 4
300970 1
300970 2
300970 3
300970 4
300971 1
300971 2
300971 3
300971 4
300972 1
300972 2
300972 3
300972 4
300973 1
300973 2
300973 3
300973 4
300974 1
300974 2
300974 3
300974 4
300975 1
300975 2
300975 3
300975 4
300976 1
300976 2
300976 3
300976 4
300977 1
300977 2
300977 3
300977 4
300978 1
300978 2
300978 3
300978 4
300979 1
300979 2
300979 3
300979 4
300980 1
300980 2
300980 3
300980 4
300981 1
300981 2
300981 3
300981 4
300982 1
300982 2
300982 3
300982 4
300983 1
300983 2
300983 3
300983 4
300984 1
300984 2
300984 3
300984 4
300985 1
300985 2
300985 3
300985 4
300986 1
300986 2
300986 3
300986 4
300987 1
300987 2
300987 3
300987 4
300988 1
300988 2
300988 3
300988 4
300989 1
300989 2
300989 3
300989 4
300990 1
300990 2
300990 3
300990 4
300991 1
300991 2
300991 3
300991 4
300992 1
300992 2
300992 3
300992 4
300993 1
300993 2
300993 3
300993 4
300994 1
300994 2
300994 3
300994 4
300995 1
300995 2
300995 3
300995 4
300996 1
300996 2
300996 3
300996 4
300997 1
300997 2
300997 3
300997 4
300998 1
300998 2
300998 3
300998 4
